1.000000 0.862072 0.901754 0.911077 0.773367 0.956257 0.939156 0.928131 0.863661 0.925917 0.982551 0.946471 0.716153 0.790905 0.714064 0.716642 0.663284 0.773065 0.673983 0.679345 0.934416 0.754154 0.697258 0.957697 0.679308 0.804456 0.709570 0.963095 0.787837 0.663831 0.679379 0.847800 0.804325 0.655025 0.723587 0.729105 0.816618 0.768537 0.875308 0.943312 0.945213 0.588736 0.634665 0.700386 0.685232 0.716043 0.695153 0.684505 0.587894 0.750030 0.652016 0.956506 0.635381 0.732460 0.804006 0.731382 0.748708 0.606395 0.691604 0.825475 0.742961 0.961935 0.606110 0.719750 0.797176 0.732409 0.604678 0.683483 0.660192 0.973598 0.736132 0.708936 0.615857 0.756647 0.745766 0.671720 0.770641 0.768108 0.879398 0.717247 0.836729 0.710264 0.693074 0.766340 0.775291 0.680214 0.727190 0.743368 0.739535 0.723308 0.756360 0.916222 0.769047 0.851498 0.774469 0.572639 0.760593 0.733844 0.587920 0.671250 0.789864 0.521914 0.932104 0.968498 0.978213 0.938055 0.927088 0.959471 0.721970 0.953633 0.713362 0.719935 0.577178 0.931000 0.911566 0.830209 0.832555 0.690723 0.874595 0.626939 0.588759 0.649423 0.678134 0.725875 0.679941 0.696393 0.716330 0.726867 0.647753 0.768292 0.768920 0.704197 0.680690 0.749595 0.682084 0.840803 0.861658 0.929887 0.824322 0.973120 0.885947 0.925709 0.968915 0.859016 0.857459 0.772534 0.721561 0.736820 0.653280 0.675401 0.807296 0.628187 0.817573 0.699357 0.799318 0.626527 0.701609 0.657313 0.961198 0.968055 0.886524 0.959140 0.954219 0.967087 0.939196 0.929776 0.958716 0.923855 0.842813 0.689039 0.767153 0.550811 0.665745 0.816893 0.701055 0.850076 0.813365 0.644018
0.862072 1.000000 0.944777 0.979887 0.910569 0.852653 0.849482 0.758160 0.697489 0.864089 0.815036 0.923893 0.751024 0.826030 0.747764 0.765689 0.730397 0.826779 0.706582 0.731204 0.857348 0.789011 0.715850 0.888561 0.727384 0.851781 0.729416 0.915978 0.736625 0.716502 0.743561 0.840872 0.805237 0.707595 0.708722 0.721132 0.766774 0.745817 0.832139 0.871058 0.800567 0.531839 0.756833 0.806719 0.773403 0.792172 0.758622 0.748341 0.665227 0.794860 0.719031 0.871995 0.588290 0.704156 0.742371 0.668691 0.796604 0.679460 0.698348 0.765473 0.722908 0.817689 0.617720 0.750550 0.764695 0.726815 0.677891 0.699588 0.746710 0.884483 0.788526 0.652155 0.688161 0.770786 0.718563 0.711726 0.730246 0.696298 0.767487 0.691119 0.660394 0.791537 0.747701 0.789708 0.766660 0.781329 0.809726 0.816864 0.797955 0.779466 0.826981 0.841146 0.655744 0.745111 0.763301 0.680789 0.745862 0.771053 0.589922 0.654860 0.731272 0.644716 0.896028 0.932403 0.880841 0.850201 0.792586 0.884421 0.780814 0.839489 0.721438 0.694425 0.675855 0.913969 0.971917 0.719965 0.705756 0.719158 0.706706 0.724124 0.722591 0.670072 0.861840 0.767589 0.763121 0.680171 0.755580 0.806408 0.698593 0.819088 0.840152 0.809623 0.753332 0.763236 0.664369 0.903815 0.954790 0.787386 0.922093 0.844019 0.754771 0.831386 0.860402 0.784101 0.794746 0.808932 0.764851 0.779511 0.720870 0.727372 0.850649 0.729995 0.840754 0.734830 0.832613 0.669532 0.758450 0.715277 0.846504 0.878892 0.909098 0.890809 0.872676 0.885066 0.830571 0.853904 0.885517 0.934967 0.808293 0.686621 0.753945 0.712004 0.808306 0.825616 0.774981 0.833029 0.810612 0.676611
0.901754 0.944777 1.000000 0.974066 0.909970 0.864065 0.858167 0.835899 0.788279 0.895154 0.858406 0.946357 0.738378 0.839724 0.728246 0.736088 0.686059 0.766843 0.675674 0.709174 0.872227 0.771171 0.688433 0.907574 0.695396 0.831209 0.696431 0.925891 0.701162 0.682007 0.759136 0.827497 0.724110 0.635459 0.705964 0.744971 0.832154 0.785635 0.809851 0.904818 0.801741 0.472877 0.708194 0.771407 0.734518 0.755189 0.718311 0.721971 0.601912 0.771029 0.664336 0.938656 0.592989 0.740432 0.781854 0.716878 0.759389 0.586026 0.732618 0.796277 0.767459 0.862380 0.606474 0.731372 0.799440 0.761617 0.680585 0.696802 0.697179 0.927395 0.760996 0.673045 0.673683 0.758691 0.709933 0.653901 0.757985 0.731799 0.853601 0.695553 0.734114 0.696506 0.708570 0.787117 0.757461 0.746381 0.795565 0.793116 0.774695 0.761022 0.808771 0.897048 0.703782 0.797241 0.764941 0.622582 0.761931 0.770818 0.558547 0.668983 0.765051 0.583188 0.899457 0.947313 0.875932 0.912799 0.883558 0.923143 0.749599 0.890012 0.701446 0.645174 0.628296 0.969194 0.951631 0.802395 0.760931 0.658203 0.806818 0.682218 0.636205 0.630202 0.822904 0.752375 0.711930 0.651210 0.729453 0.773001 0.646874 0.812391 0.822595 0.731039 0.720258 0.776634 0.679652 0.933804 0.966510 0.842792 0.948382 0.864577 0.865279 0.906839 0.885436 0.855246 0.863296 0.789132 0.744757 0.705173 0.675774 0.688308 0.791928 0.672798 0.776243 0.704748 0.771260 0.609345 0.721222 0.685061 0.855617 0.896923 0.885369 0.908778 0.921811 0.857713 0.891204 0.903209 0.925230 0.944067 0.796181 0.681258 0.735667 0.651570 0.776625 0.858392 0.759965 0.888448 0.769728 0.661713
0.911077 0.979887 0.974066 1.000000 0.932790 0.877796 0.874419 0.828551 0.767748 0.894878 0.872464 0.959874 0.772436 0.854868 0.769524 0.773290 0.748271 0.830585 0.727071 0.746947 0.880713 0.813012 0.736726 0.933868 0.753345 0.870726 0.754550 0.956464 0.742701 0.712070 0.762023 0.850144 0.787361 0.685159 0.722634 0.745923 0.800817 0.771717 0.835936 0.914880 0.846318 0.546631 0.754325 0.806145 0.787338 0.801980 0.772926 0.765506 0.666209 0.815457 0.725684 0.929012 0.604280 0.734475 0.776177 0.694784 0.790160 0.638870 0.721786 0.816429 0.748884 0.867809 0.631092 0.765216 0.795145 0.748451 0.697225 0.729125 0.746823 0.929100 0.810719 0.683931 0.693304 0.784987 0.721611 0.705168 0.769820 0.742250 0.830992 0.710144 0.729414 0.794542 0.760056 0.821060 0.799864 0.780847 0.815469 0.828794 0.827760 0.792700 0.846411 0.898755 0.716295 0.807583 0.795427 0.660896 0.787512 0.797337 0.602798 0.679471 0.781900 0.640804 0.927958 0.958461 0.912076 0.912334 0.865104 0.932605 0.790737 0.895466 0.752304 0.700626 0.661005 0.957915 0.976936 0.781693 0.764419 0.717532 0.783149 0.727378 0.693820 0.678434 0.853381 0.791235 0.761638 0.713315 0.772891 0.821235 0.710653 0.842504 0.858805 0.812241 0.764441 0.787697 0.680909 0.933633 0.976312 0.849569 0.935087 0.879344 0.829990 0.872807 0.907729 0.834874 0.844014 0.827659 0.786049 0.778933 0.727949 0.734863 0.854632 0.733658 0.845071 0.756721 0.827681 0.686444 0.772935 0.731539 0.883269 0.910774 0.924197 0.919395 0.922946 0.906253 0.891840 0.906142 0.924852 0.963942 0.839027 0.717370 0.781331 0.675316 0.789659 0.853136 0.778527 0.875917 0.812544 0.706857
0.773367 0.910569 0.909970 0.932790 1.000000 0.733335 0.734734 0.761785 0.750351 0.832718 0.764715 0.882457 0.777970 0.870383 0.788864 0.804539 0.801872 0.782625 0.749089 0.764261 0.759811 0.834307 0.762837 0.877093 0.806111 0.875760 0.794815 0.878335 0.665328 0.692105 0.751698 0.756602 0.656268 0.600251 0.678474 0.727272 0.753033 0.746930 0.707344 0.796301 0.714254 0.620066 0.812127 0.851167 0.837251 0.830307 0.821635 0.793018 0.703400 0.856017 0.774947 0.836954 0.595380 0.707304 0.728490 0.658869 0.748672 0.618953 0.738082 0.771918 0.733761 0.755196 0.645079 0.756671 0.778238 0.715454 0.730232 0.762807 0.791907 0.826007 0.843731 0.687256 0.715381 0.749765 0.705916 0.708088 0.764690 0.697580 0.780205 0.689266 0.654439 0.793735 0.804299 0.875772 0.828003 0.825041 0.852417 0.859839 0.865539 0.805592 0.880020 0.869128 0.741486 0.806208 0.816520 0.690696 0.796060 0.829480 0.624908 0.654684 0.834370 0.752282 0.846349 0.870244 0.767618 0.844575 0.757883 0.824444 0.803575 0.819094 0.775726 0.668095 0.700646 0.906864 0.879368 0.738314 0.721748 0.673893 0.739908 0.834520 0.699599 0.693451 0.892299 0.826730 0.799398 0.752093 0.797065 0.858466 0.760826 0.883165 0.901049 0.816703 0.813399 0.794319 0.661899 0.871888 0.929641 0.768440 0.930473 0.742817 0.814564 0.794157 0.787615 0.797388 0.818184 0.849492 0.816045 0.769761 0.763635 0.768120 0.822069 0.766489 0.791201 0.797385 0.771002 0.724500 0.825513 0.764627 0.704616 0.757617 0.836151 0.844428 0.839310 0.782029 0.815402 0.829302 0.832515 0.870140 0.798315 0.740677 0.766179 0.731741 0.841727 0.820689 0.778937 0.884388 0.756549 0.813478
0.956257 0.852653 0.864065 0.877796 0.733335 1.000000 0.984164 0.918234 0.859523 0.944873 0.951670 0.902748 0.684535 0.809090 0.686939 0.669819 0.606621 0.767249 0.627870 0.658643 0.954519 0.728269 0.627520 0.928788 0.619883 0.808724 0.619911 0.942004 0.821217 0.719406 0.734709 0.894404 0.818345 0.692054 0.753738 0.740663 0.874408 0.786591 0.926760 0.893088 0.934057 0.540407 0.588664 0.656572 0.623503 0.693756 0.633830 0.624195 0.526943 0.718067 0.617517 0.870851 0.700268 0.767561 0.853150 0.753366 0.764773 0.652204 0.751089 0.882710 0.764864 0.961317 0.615366 0.692119 0.817160 0.772461 0.616644 0.666539 0.607119 0.936686 0.690872 0.713040 0.656518 0.783232 0.786587 0.667105 0.724913 0.754923 0.863086 0.700876 0.858489 0.670703 0.655810 0.748664 0.738459 0.629037 0.692072 0.721603 0.723148 0.683193 0.723386 0.876089 0.796201 0.838090 0.703780 0.574307 0.789085 0.738191 0.530197 0.636959 0.782767 0.497831 0.889008 0.940519 0.953913 0.849934 0.876520 0.962900 0.700087 0.961493 0.638791 0.750738 0.579786 0.876551 0.890839 0.844926 0.856930 0.705604 0.865579 0.633774 0.633034 0.647064 0.711869 0.646757 0.622313 0.630997 0.658976 0.687465 0.581809 0.734303 0.720876 0.668200 0.624280 0.757470 0.696407 0.787087 0.807904 0.888281 0.802170 0.965522 0.848127 0.942446 0.913620 0.808476 0.789304 0.714178 0.656333 0.689816 0.588554 0.646523 0.770631 0.581751 0.807586 0.662520 0.768586 0.583799 0.650157 0.587734 0.910611 0.961348 0.865579 0.937255 0.940327 0.956018 0.939081 0.870367 0.918439 0.883490 0.891277 0.605810 0.784835 0.571468 0.672091 0.762353 0.668521 0.838249 0.843928 0.628316
0.939156 0.849482 0.858167 0.874419 0.734734 0.984164 1.000000 0.909056 0.844725 0.914953 0.935557 0.888177 0.639116 0.774015 0.668221 0.662089 0.550569 0.725956 0.587857 0.624749 0.928282 0.691250 0.588777 0.919370 0.578523 0.769651 0.593602 0.939686 0.766117 0.656377 0.671778 0.840216 0.758413 0.618960 0.676262 0.665928 0.828555 0.716293 0.890638 0.881735 0.898101 0.508028 0.565853 0.621524 0.591236 0.680233 0.589882 0.604713 0.497811 0.706259 0.583403 0.854615 0.639522 0.700037 0.816615 0.698630 0.693082 0.581226 0.697956 0.862121 0.724575 0.931838 0.533579 0.642287 0.775168 0.722757 0.557993 0.602514 0.580859 0.916530 0.672802 0.626049 0.602832 0.716050 0.714382 0.611562 0.673671 0.694619 0.820522 0.636328 0.796434 0.628478 0.634213 0.728664 0.711480 0.617744 0.671656 0.711778 0.702094 0.637424 0.707160 0.866975 0.788867 0.805783 0.664107 0.498359 0.750100 0.702138 0.452125 0.562703 0.767449 0.444524 0.883060 0.931023 0.950262 0.835648 0.856268 0.949656 0.672721 0.939623 0.620010 0.689160 0.516522 0.862389 0.872902 0.797788 0.821604 0.630259 0.834183 0.595087 0.558980 0.579000 0.690736 0.640296 0.606079 0.610516 0.649008 0.675806 0.568760 0.711829 0.706961 0.632345 0.618263 0.686128 0.621913 0.763374 0.793044 0.870246 0.770401 0.956444 0.826601 0.932150 0.890166 0.771197 0.747575 0.684727 0.627741 0.653728 0.542833 0.592929 0.743688 0.549454 0.762812 0.607331 0.742549 0.555864 0.637276 0.545762 0.912622 0.948899 0.861053 0.936246 0.924281 0.935080 0.922745 0.858690 0.900021 0.870429 0.852736 0.538061 0.739151 0.519027 0.621678 0.707633 0.606096 0.840964 0.783200 0.590090
0.928131 0.758160 0.835899 0.828551 0.761785 0.918234 0.909056 1.000000 0.971013 0.932869 0.965311 0.919278 0.692663 0.810120 0.746196 0.728441 0.656282 0.714069 0.662439 0.685342 0.939037 0.759753 0.682213 0.942782 0.681373 0.805414 0.700648 0.926621 0.740331 0.683429 0.720050 0.780142 0.678876 0.572576 0.720680 0.747308 0.845850 0.757251 0.822364 0.924457 0.893680 0.646005 0.657555 0.694268 0.683779 0.750059 0.698508 0.673977 0.598818 0.793940 0.698376 0.916381 0.691813 0.761413 0.843506 0.743458 0.690482 0.574058 0.770365 0.880432 0.758251 0.940688 0.615561 0.697321 0.806238 0.735538 0.615755 0.685877 0.679017 0.939501 0.740267 0.728117 0.644545 0.738038 0.769374 0.665428 0.738135 0.760479 0.875147 0.701580 0.856596 0.652312 0.714914 0.827551 0.794898 0.697717 0.737791 0.763637 0.771446 0.708379 0.757718 0.957281 0.894103 0.941579 0.762000 0.578334 0.799228 0.782443 0.594193 0.661483 0.881501 0.513555 0.908130 0.924140 0.913651 0.919190 0.948092 0.938989 0.727857 0.964745 0.709125 0.713713 0.611749 0.902481 0.823177 0.857958 0.870218 0.628713 0.909467 0.661879 0.576570 0.658915 0.635110 0.720337 0.672944 0.725011 0.730107 0.757320 0.675856 0.807856 0.779694 0.658144 0.727275 0.730151 0.669737 0.801745 0.783259 0.962625 0.793153 0.945022 0.964336 0.964084 0.919144 0.900717 0.880989 0.768211 0.748466 0.694901 0.647276 0.691635 0.758454 0.621040 0.766846 0.723314 0.738970 0.651166 0.741637 0.663378 0.821964 0.920411 0.849198 0.914452 0.913980 0.888633 0.939648 0.889066 0.940324 0.869479 0.854033 0.668130 0.792320 0.565135 0.651357 0.746628 0.640321 0.866262 0.774728 0.703201
0.863661 0.697489 0.788279 0.767748 0.750351 0.859523 0.844725 0.971013 1.000000 0.920797 0.921680 0.866197 0.720215 0.835081 0.775857 0.748191 0.680105 0.703550 0.684769 0.712677 0.898417 0.791561 0.711795 0.909221 0.702061 0.822045 0.733900 0.865196 0.735160 0.709358 0.739540 0.760112 0.641448 0.580452 0.743539 0.788802 0.868607 0.795710 0.794282 0.857292 0.847717 0.681173 0.693591 0.721989 0.693768 0.775680 0.724370 0.704481 0.633412 0.815697 0.734073 0.865309 0.744395 0.799838 0.861604 0.789756 0.709261 0.595137 0.835601 0.876233 0.805439 0.911847 0.669866 0.723131 0.835844 0.759633 0.676766 0.730009 0.706995 0.900441 0.743650 0.777057 0.704639 0.750589 0.812123 0.672606 0.753724 0.776737 0.885849 0.723179 0.853739 0.641232 0.742642 0.848430 0.823971 0.718011 0.778739 0.792256 0.800074 0.731839 0.776313 0.918060 0.919707 0.945304 0.779395 0.644636 0.824784 0.832543 0.652666 0.682004 0.914876 0.527040 0.828436 0.876944 0.834703 0.889640 0.894071 0.874190 0.756583 0.930112 0.731780 0.750923 0.676220 0.873682 0.760589 0.877977 0.898711 0.650948 0.932746 0.693638 0.612856 0.713384 0.627455 0.741579 0.696011 0.775215 0.758793 0.773531 0.713558 0.833030 0.798621 0.653223 0.750489 0.751456 0.699366 0.740377 0.723251 0.925711 0.793265 0.881188 0.953055 0.937464 0.869416 0.917271 0.897050 0.794109 0.762783 0.702889 0.677291 0.719957 0.734872 0.649878 0.747852 0.754478 0.717019 0.670792 0.769663 0.691616 0.729223 0.849043 0.759177 0.865531 0.881483 0.837240 0.913594 0.847835 0.901608 0.787572 0.824372 0.702924 0.788396 0.622516 0.678123 0.754309 0.689778 0.860666 0.778929 0.738041
0.925917 0.864089 0.895154 0.894878 0.832718 0.944873 0.914953 0.932869 0.920797 1.000000 0.949118 0.919501 0.826875 0.920246 0.824327 0.805804 0.760241 0.840434 0.774284 0.807600 0.943375 0.865903 0.774665 0.968717 0.767197 0.912399 0.758111 0.944028 0.850836 0.816645 0.834977 0.916180 0.806369 0.724348 0.853100 0.847149 0.927755 0.878040 0.920820 0.898035 0.922422 0.689727 0.740121 0.795459 0.772343 0.823628 0.783923 0.761786 0.645092 0.851166 0.766812 0.901089 0.784357 0.890172 0.923728 0.868284 0.862314 0.682141 0.872656 0.928024 0.879766 0.946053 0.761157 0.813894 0.898561 0.873860 0.749780 0.820896 0.755270 0.942434 0.831661 0.824370 0.777488 0.885645 0.884598 0.779207 0.842872 0.847402 0.922151 0.827365 0.900575 0.760387 0.796549 0.888147 0.855566 0.768819 0.826469 0.852848 0.858819 0.822829 0.855869 0.910167 0.885623 0.920734 0.850478 0.730466 0.886583 0.853954 0.675885 0.787168 0.914348 0.629513 0.877402 0.943662 0.907673 0.898130 0.894578 0.957820 0.805930 0.982079 0.774783 0.802490 0.729781 0.927758 0.906138 0.914993 0.906454 0.787619 0.912640 0.741303 0.764213 0.774098 0.798630 0.787611 0.752548 0.746252 0.791744 0.827639 0.708135 0.866256 0.848066 0.778898 0.764693 0.868290 0.815576 0.816661 0.834430 0.883192 0.878621 0.910458 0.899676 0.961157 0.898642 0.880121 0.870746 0.832287 0.789581 0.789229 0.734459 0.784595 0.857459 0.733208 0.864562 0.798576 0.833912 0.730398 0.787631 0.747532 0.830159 0.929263 0.861229 0.931066 0.975616 0.942062 0.978680 0.935633 0.935572 0.867686 0.933505 0.751680 0.855030 0.744453 0.821309 0.884498 0.811899 0.898762 0.899995 0.733738
0.982551 0.815036 0.858406 0.872464 0.764715 0.951670 0.935557 0.965311 0.921680 0.949118 1.000000 0.925979 0.738968 0.815802 0.757689 0.751338 0.689582 0.771997 0.706211 0.711349 0.938914 0.788547 0.725937 0.973740 0.707724 0.826670 0.742646 0.956885 0.799228 0.689260 0.698214 0.839129 0.781484 0.635857 0.751908 0.753842 0.834223 0.780771 0.875369 0.927484 0.960316 0.681006 0.660610 0.709118 0.706969 0.751769 0.723565 0.701943 0.604582 0.792743 0.700926 0.936426 0.683877 0.772480 0.838842 0.766170 0.757744 0.598085 0.738194 0.865787 0.771333 0.968832 0.644689 0.735983 0.819452 0.750931 0.615229 0.719119 0.690762 0.964105 0.768937 0.741781 0.639142 0.777214 0.786312 0.700032 0.786252 0.788321 0.890975 0.743569 0.872939 0.718292 0.735021 0.819044 0.815004 0.701038 0.745555 0.774464 0.780464 0.740633 0.780103 0.925048 0.855525 0.911113 0.812101 0.600648 0.802739 0.766583 0.622196 0.697317 0.868317 0.527381 0.912603 0.950800 0.963844 0.932533 0.927411 0.952305 0.737599 0.972884 0.744819 0.747777 0.613331 0.910266 0.870839 0.853504 0.871293 0.698404 0.907032 0.646590 0.610508 0.687944 0.653750 0.751793 0.699935 0.742888 0.748876 0.760485 0.682369 0.803185 0.790978 0.712531 0.718993 0.763272 0.702430 0.792132 0.807741 0.937701 0.795239 0.964737 0.907001 0.937216 0.953153 0.866685 0.858958 0.790557 0.748722 0.755838 0.676490 0.706698 0.820130 0.654739 0.826162 0.733146 0.804269 0.677426 0.743316 0.685100 0.919678 0.952723 0.858353 0.950969 0.959768 0.966401 0.958697 0.931891 0.950769 0.883806 0.871797 0.710622 0.797019 0.576090 0.674050 0.812652 0.704918 0.856041 0.827982 0.674221
0.946471 0.923893 0.946357 0.959874 0.882457 0.902748 0.888177 0.919278 0.866197 0.919501 0.925979 1.000000 0.752310 0.837959 0.772859 0.772952 0.742630 0.810391 0.715618 0.737051 0.942035 0.803970 0.744310 0.953694 0.752468 0.856756 0.760678 0.965456 0.748929 0.715030 0.750911 0.822220 0.763472 0.671307 0.725967 0.759807 0.814250 0.769188 0.834021 0.981688 0.869770 0.590629 0.751693 0.803471 0.776542 0.803955 0.778636 0.760053 0.698419 0.828105 0.745320 0.977444 0.641650 0.739910 0.799854 0.710613 0.755815 0.660138 0.744266 0.829907 0.751099 0.908486 0.635679 0.761945 0.801436 0.743375 0.689273 0.720561 0.758324 0.970926 0.795521 0.719902 0.688883 0.771151 0.749842 0.712525 0.768937 0.763085 0.852101 0.721049 0.769068 0.767051 0.756080 0.830389 0.809960 0.784104 0.812879 0.817677 0.814186 0.784932 0.823669 0.967490 0.767698 0.873146 0.792000 0.662304 0.785598 0.813362 0.643589 0.697823 0.805797 0.627528 0.977347 0.983766 0.944190 0.966692 0.949712 0.958045 0.799357 0.932641 0.759859 0.722804 0.669875 0.981834 0.960208 0.819119 0.802897 0.701120 0.830466 0.726119 0.670838 0.690855 0.781446 0.785736 0.759755 0.743323 0.783060 0.824004 0.739155 0.849866 0.850894 0.777090 0.783487 0.768127 0.686029 0.952259 0.947539 0.950646 0.922053 0.941158 0.924715 0.931636 0.963570 0.927843 0.926917 0.839722 0.814615 0.774304 0.734583 0.748904 0.835406 0.713720 0.835913 0.776573 0.814376 0.689623 0.788648 0.744720 0.875915 0.948506 0.951406 0.934609 0.918576 0.913971 0.912134 0.920262 0.978173 0.979391 0.839785 0.736650 0.804793 0.658393 0.750632 0.823879 0.741493 0.879866 0.806732 0.735648
0.716153 0.751024 0.738378 0.772436 0.777970 0.684535 0.639116 0.692663 0.720215 0.826875 0.738968 0.752310 1.000000 0.948689 0.965501 0.949583 0.959814 0.964693 0.988125 0.991269 0.711397 0.985755 0.974967 0.802749 0.964085 0.958888 0.929949 0.778274 0.906723 0.929934 0.889218 0.881399 0.844177 0.869919 0.938138 0.914026 0.831477 0.914699 0.854277 0.725537 0.807496 0.740667 0.921812 0.950134 0.954365 0.948763 0.950697 0.966849 0.885878 0.943245 0.927352 0.738148 0.816087 0.926725 0.897883 0.923246 0.944752 0.793877 0.869949 0.836759 0.907992 0.785267 0.914656 0.984974 0.877726 0.900956 0.933148 0.969409 0.925871 0.733115 0.965791 0.919253 0.935540 0.955333 0.904531 0.935171 0.959763 0.953669 0.878830 0.973935 0.838152 0.921295 0.957889 0.934955 0.958557 0.929404 0.948430 0.957641 0.958269 0.989310 0.971507 0.725231 0.731884 0.761588 0.925171 0.912352 0.855165 0.925388 0.906939 0.954014 0.822240 0.819294 0.692773 0.765884 0.700595 0.755902 0.659493 0.751991 0.955201 0.783388 0.959926 0.881052 0.911424 0.801668 0.779518 0.866968 0.852322 0.940140 0.810117 0.843280 0.914187 0.937236 0.828397 0.946377 0.941222 0.898438 0.949671 0.943198 0.898169 0.937291 0.940317 0.955422 0.905348 0.938309 0.947104 0.687570 0.713770 0.678118 0.761342 0.665738 0.695424 0.724130 0.719208 0.757506 0.775193 0.949736 0.933847 0.949234 0.947253 0.960801 0.942693 0.954785 0.935771 0.952051 0.940992 0.948441 0.922410 0.958406 0.595472 0.715150 0.751946 0.760832 0.798833 0.794403 0.815694 0.858622 0.749406 0.687274 0.867199 0.917000 0.864139 0.928010 0.938277 0.946467 0.953825 0.835106 0.926349 0.830725
0.790905 0.826030 0.839724 0.854868 0.870383 0.809090 0.774015 0.810120 0.835081 0.920246 0.815802 0.837959 0.948689 1.000000 0.928696 0.902367 0.901249 0.934615 0.911320 0.938300 0.816758 0.966184 0.895097 0.881701 0.907958 0.987899 0.862216 0.866166 0.905296 0.931498 0.940330 0.933333 0.825024 0.837586 0.930186 0.929570 0.937415 0.950714 0.900242 0.787865 0.843278 0.695932 0.876467 0.921979 0.901414 0.928944 0.899841 0.903961 0.808024 0.935126 0.880559 0.796246 0.856442 0.948386 0.955131 0.925213 0.933305 0.796903 0.942119 0.934624 0.939405 0.869800 0.882234 0.936973 0.938724 0.935491 0.927689 0.943736 0.868836 0.822877 0.928407 0.920885 0.939869 0.957986 0.930911 0.888160 0.931091 0.935144 0.936789 0.922721 0.892300 0.869026 0.915689 0.956738 0.947731 0.887607 0.937334 0.951211 0.961190 0.942772 0.961150 0.831875 0.837428 0.855814 0.892736 0.867298 0.926843 0.960457 0.815718 0.882079 0.893429 0.803911 0.777808 0.853016 0.772007 0.809260 0.752425 0.858596 0.933861 0.891384 0.887856 0.888427 0.873937 0.879397 0.844942 0.935423 0.923203 0.901309 0.893810 0.889092 0.890184 0.900862 0.903781 0.891122 0.880660 0.854472 0.897726 0.922246 0.838043 0.947421 0.938852 0.902512 0.867075 0.961792 0.922323 0.772119 0.802266 0.774461 0.865898 0.767863 0.818061 0.851990 0.784699 0.828829 0.832803 0.925827 0.891745 0.883503 0.870880 0.913945 0.905932 0.878436 0.918366 0.920986 0.892711 0.866085 0.889557 0.878053 0.662632 0.796124 0.811594 0.846718 0.884577 0.843822 0.904187 0.879855 0.829625 0.782460 0.941522 0.854585 0.904771 0.891690 0.942132 0.929393 0.918074 0.924921 0.944658 0.873869
0.714064 0.747764 0.728246 0.769524 0.788864 0.686939 0.668221 0.746196 0.775857 0.824327 0.757689 0.772859 0.965501 0.928696 1.000000 0.977904 0.944344 0.935944 0.972341 0.976741 0.754015 0.977745 0.969841 0.816548 0.961298 0.950508 0.954310 0.797701 0.857772 0.910277 0.867265 0.823323 0.805751 0.818435 0.895034 0.896819 0.799891 0.858459 0.835547 0.760182 0.806557 0.749610 0.965864 0.954945 0.966242 0.989780 0.964089 0.969451 0.913829 0.984416 0.974013 0.754690 0.758176 0.886017 0.876413 0.870160 0.889121 0.771408 0.846240 0.828903 0.853641 0.785427 0.836023 0.947990 0.824396 0.827244 0.891573 0.906642 0.971002 0.757789 0.977420 0.869180 0.908442 0.911341 0.870003 0.894481 0.891837 0.899801 0.842303 0.919635 0.795848 0.918794 0.971457 0.959802 0.964180 0.965537 0.964303 0.978093 0.974981 0.973594 0.975964 0.775625 0.765664 0.794240 0.900683 0.881796 0.811582 0.925142 0.888036 0.891218 0.859308 0.750741 0.737718 0.788113 0.732970 0.790800 0.697038 0.755900 0.969509 0.784397 0.977707 0.846669 0.915379 0.808895 0.777285 0.817830 0.828099 0.866829 0.794721 0.825961 0.861786 0.898687 0.770942 0.964501 0.962489 0.941116 0.981805 0.974621 0.950287 0.969008 0.968853 0.950798 0.965734 0.862243 0.869896 0.705669 0.713981 0.737050 0.758081 0.705557 0.736258 0.755862 0.748539 0.799472 0.807484 0.965705 0.966774 0.959612 0.960759 0.965915 0.954641 0.974614 0.933725 0.959103 0.948180 0.970700 0.977320 0.970162 0.597039 0.742315 0.778373 0.782274 0.780895 0.791691 0.812732 0.857845 0.786580 0.713037 0.838709 0.868156 0.824972 0.908135 0.892794 0.883497 0.889415 0.829492 0.883307 0.822529
0.716642 0.765689 0.736088 0.773290 0.804539 0.669819 0.662089 0.728441 0.748191 0.805804 0.751338 0.772952 0.949583 0.902367 0.977904 1.000000 0.932273 0.916139 0.964692 0.964495 0.716526 0.960825 0.970686 0.816339 0.953257 0.923537 0.959047 0.794863 0.845099 0.860451 0.803033 0.791493 0.780393 0.772936 0.846847 0.837129 0.763344 0.825059 0.806790 0.752204 0.774851 0.792473 0.956935 0.958666 0.966358 0.978583 0.953975 0.975708 0.919026 0.982436 0.952953 0.755922 0.747047 0.831966 0.848039 0.850788 0.858606 0.755824 0.804036 0.791972 0.847921 0.766252 0.819044 0.942285 0.826800 0.816065 0.842399 0.891686 0.963923 0.736488 0.979431 0.831471 0.864765 0.864321 0.848331 0.915188 0.906181 0.875392 0.823233 0.912963 0.750165 0.897305 0.983689 0.957331 0.965647 0.984212 0.970707 0.980809 0.947596 0.964325 0.977841 0.769901 0.756134 0.775151 0.921163 0.855262 0.795590 0.902518 0.869372 0.878434 0.846527 0.794561 0.743873 0.790568 0.726810 0.777670 0.665880 0.735496 0.958064 0.765307 0.977857 0.825393 0.886816 0.808540 0.768009 0.792710 0.802155 0.838259 0.775858 0.844690 0.829068 0.880255 0.776680 0.988158 0.986081 0.933097 0.990196 0.977785 0.956353 0.963091 0.973033 0.932892 0.976055 0.847642 0.853398 0.686293 0.712423 0.714473 0.739879 0.697155 0.723920 0.743124 0.725857 0.763490 0.780087 0.967958 0.968956 0.956022 0.951189 0.948811 0.950018 0.951127 0.909651 0.933096 0.953808 0.960270 0.978284 0.959565 0.599825 0.718308 0.787425 0.799061 0.768825 0.787552 0.785056 0.856519 0.770071 0.706408 0.819090 0.878065 0.828070 0.900591 0.906060 0.882290 0.876963 0.858601 0.863004 0.836400
0.663284 0.730397 0.686059 0.748271 0.801872 0.606621 0.550569 0.656282 0.680105 0.760241 0.689582 0.742630 0.959814 0.901249 0.944344 0.932273 1.000000 0.935207 0.974048 0.952517 0.673815 0.964744 0.976263 0.767095 0.992530 0.938853 0.959362 0.747768 0.845081 0.891407 0.848524 0.804500 0.811409 0.835123 0.884755 0.885463 0.737597 0.851865 0.765560 0.699057 0.758402 0.776291 0.952616 0.967038 0.984418 0.943355 0.990021 0.953919 0.929390 0.944022 0.963844 0.712864 0.745727 0.848219 0.800206 0.813079 0.899864 0.819814 0.803884 0.756545 0.802110 0.722712 0.874720 0.949880 0.800654 0.792410 0.902806 0.939611 0.957190 0.700031 0.958557 0.900190 0.893876 0.904431 0.861261 0.922698 0.907047 0.887535 0.801301 0.918410 0.759669 0.962789 0.955685 0.930542 0.948158 0.937517 0.933945 0.931291 0.948396 0.974592 0.951206 0.732697 0.687022 0.757654 0.910798 0.916703 0.801772 0.907569 0.936189 0.902897 0.802765 0.875983 0.708231 0.735365 0.664095 0.743851 0.628217 0.691687 0.947515 0.723297 0.956109 0.858071 0.923194 0.770338 0.750637 0.776437 0.771319 0.905352 0.731971 0.891567 0.898939 0.926465 0.801284 0.936370 0.951455 0.924970 0.939101 0.944092 0.936514 0.942269 0.947546 0.973325 0.926824 0.899392 0.877257 0.705782 0.724378 0.682998 0.758065 0.629443 0.686835 0.651940 0.708542 0.755986 0.784894 0.960078 0.960008 0.963894 0.980954 0.982219 0.936683 0.968463 0.932091 0.986837 0.918042 0.964016 0.949142 0.978284 0.538612 0.657555 0.747611 0.721707 0.717451 0.745976 0.734226 0.792520 0.725554 0.695289 0.821608 0.932299 0.839941 0.911349 0.919122 0.887172 0.912229 0.777939 0.883552 0.887205
0.773065 0.826779 0.766843 0.830585 0.782625 0.767249 0.725956 0.714069 0.703550 0.840434 0.771997 0.810391 0.964693 0.934615 0.935944 0.916139 0.935207 1.000000 0.952482 0.957549 0.782014 0.955846 0.940042 0.826586 0.939920 0.961608 0.893539 0.838278 0.943228 0.941990 0.885795 0.926400 0.923479 0.930933 0.924662 0.893470 0.827739 0.891767 0.913573 0.786442 0.854975 0.674728 0.900036 0.938864 0.932101 0.933564 0.927985 0.939203 0.886092 0.922125 0.905097 0.764078 0.792672 0.886892 0.889709 0.872755 0.941367 0.866087 0.833777 0.848532 0.860235 0.825706 0.862706 0.962068 0.854219 0.872959 0.917707 0.919776 0.907161 0.780592 0.940035 0.893995 0.924228 0.954171 0.889006 0.923644 0.917660 0.931322 0.859252 0.937357 0.830119 0.956173 0.921671 0.900164 0.930777 0.906612 0.920854 0.932801 0.936852 0.962307 0.947411 0.762000 0.689571 0.738755 0.863518 0.881302 0.830618 0.908259 0.865444 0.900424 0.765927 0.817252 0.776263 0.825586 0.788483 0.773565 0.691612 0.813044 0.958543 0.813092 0.928874 0.902043 0.879050 0.826187 0.854726 0.848209 0.842498 0.956164 0.784407 0.851430 0.916857 0.909198 0.863361 0.904648 0.922373 0.871687 0.919960 0.921943 0.883801 0.910249 0.921709 0.971713 0.876816 0.915185 0.915722 0.752012 0.772745 0.734054 0.785480 0.751863 0.697877 0.751760 0.786612 0.768024 0.779447 0.935728 0.913174 0.958082 0.923267 0.944212 0.960334 0.932204 0.976987 0.936920 0.964958 0.920570 0.898727 0.923462 0.682796 0.795025 0.845746 0.813297 0.811279 0.857744 0.829350 0.861019 0.795948 0.771797 0.900426 0.865464 0.873070 0.897595 0.911806 0.904764 0.911816 0.832094 0.951656 0.829483
0.673983 0.706582 0.675674 0.727071 0.749089 0.627870 0.587857 0.662439 0.684769 0.774284 0.706211 0.715618 0.988125 0.911320 0.972341 0.964692 0.974048 0.952482 1.000000 0.988725 0.666764 0.975138 0.990377 0.768969 0.982782 0.934268 0.952491 0.748225 0.884956 0.907581 0.845702 0.827469 0.822875 0.845034 0.906425 0.879611 0.762406 0.862857 0.810757 0.695178 0.781503 0.771556 0.938517 0.951350 0.972874 0.954553 0.966808 0.974552 0.916869 0.951640 0.950279 0.701275 0.774366 0.878698 0.852238 0.876730 0.907177 0.788312 0.814749 0.790387 0.852488 0.741996 0.885471 0.972699 0.824432 0.842293 0.903544 0.947433 0.949035 0.687437 0.976693 0.894295 0.907397 0.921595 0.870463 0.938395 0.938546 0.926663 0.829185 0.958926 0.796681 0.938357 0.970933 0.933451 0.959291 0.944749 0.939331 0.950984 0.950679 0.984281 0.965205 0.703907 0.705195 0.735350 0.916903 0.895262 0.807664 0.899998 0.919237 0.936367 0.804247 0.831433 0.677227 0.727314 0.673431 0.726313 0.617069 0.703157 0.955104 0.736606 0.980210 0.860436 0.906624 0.757116 0.733783 0.810761 0.807096 0.915244 0.761692 0.845115 0.888182 0.925280 0.782603 0.959281 0.961267 0.920639 0.963211 0.949458 0.930973 0.933587 0.940719 0.964614 0.928789 0.898354 0.915772 0.646661 0.669027 0.656517 0.700797 0.632744 0.661877 0.671160 0.687824 0.720864 0.742527 0.951926 0.951404 0.966519 0.967828 0.973067 0.948898 0.971338 0.932256 0.961663 0.946630 0.981110 0.945322 0.976132 0.553091 0.673367 0.738652 0.732930 0.741798 0.762193 0.766006 0.829595 0.712490 0.652906 0.836300 0.912538 0.839610 0.915083 0.912919 0.904043 0.914332 0.800775 0.894203 0.839216
0.679345 0.731204 0.709174 0.746947 0.764261 0.658643 0.624749 0.685342 0.712677 0.807600 0.711349 0.737051 0.991269 0.938300 0.976741 0.964495 0.952517 0.957549 0.988725 1.000000 0.696282 0.979319 0.973283 0.782729 0.963912 0.947194 0.922973 0.761058 0.889136 0.930680 0.880100 0.849071 0.808571 0.849307 0.917693 0.888215 0.808263 0.880325 0.834725 0.719098 0.772526 0.743957 0.935000 0.952704 0.958926 0.964315 0.948153 0.974282 0.903343 0.957382 0.940149 0.712551 0.810616 0.908210 0.893569 0.909222 0.913357 0.784997 0.863611 0.833061 0.896022 0.752866 0.898063 0.977577 0.857304 0.890430 0.926392 0.953390 0.939081 0.702184 0.973590 0.892975 0.935906 0.936205 0.886794 0.938468 0.939141 0.936578 0.845813 0.963396 0.806815 0.910920 0.967131 0.942169 0.954121 0.948357 0.951650 0.967250 0.960992 0.984055 0.973568 0.719453 0.734259 0.748231 0.906099 0.903765 0.839911 0.923028 0.894842 0.944669 0.815805 0.822426 0.685253 0.745348 0.679103 0.732584 0.643218 0.735568 0.961457 0.763129 0.964967 0.862596 0.911054 0.782003 0.758471 0.846474 0.833107 0.916413 0.780126 0.844845 0.910158 0.925225 0.823495 0.952596 0.952971 0.896896 0.962189 0.959540 0.914740 0.939307 0.941597 0.952217 0.927305 0.908717 0.932533 0.670647 0.684440 0.664995 0.731961 0.645489 0.684011 0.716316 0.687822 0.742357 0.754526 0.944471 0.943735 0.943643 0.946739 0.962330 0.936829 0.960775 0.920851 0.947671 0.936748 0.964809 0.936678 0.963844 0.547594 0.696286 0.759004 0.739977 0.766378 0.763658 0.795243 0.843297 0.728908 0.665866 0.857070 0.893785 0.859693 0.940187 0.932868 0.910126 0.922585 0.830841 0.902337 0.832066
0.934416 0.857348 0.872227 0.880713 0.759811 0.954519 0.928282 0.939037 0.898417 0.943375 0.938914 0.942035 0.711397 0.816758 0.754015 0.716526 0.673815 0.782014 0.666764 0.696282 1.000000 0.765367 0.684519 0.923670 0.680593 0.836259 0.690918 0.933768 0.781768 0.760810 0.780072 0.854810 0.809865 0.712861 0.777064 0.803472 0.856175 0.788697 0.898368 0.945772 0.914745 0.549687 0.698011 0.732495 0.698702 0.765882 0.721358 0.676255 0.621331 0.780461 0.722513 0.916826 0.662144 0.787131 0.834474 0.740633 0.777019 0.689891 0.771465 0.846103 0.739035 0.938650 0.618710 0.716791 0.776219 0.734169 0.663810 0.672474 0.715926 0.970698 0.732362 0.740071 0.694556 0.800839 0.798146 0.671591 0.701740 0.750734 0.842605 0.710369 0.823709 0.720709 0.695834 0.787587 0.761350 0.709098 0.753429 0.763105 0.769707 0.737724 0.755778 0.926951 0.779600 0.871807 0.720607 0.653618 0.752954 0.777462 0.618230 0.670071 0.804660 0.491336 0.930928 0.958462 0.952420 0.916454 0.938770 0.950957 0.758066 0.940896 0.695045 0.742233 0.674874 0.913794 0.919062 0.815451 0.819091 0.699912 0.836595 0.645171 0.671502 0.675789 0.685168 0.692752 0.682650 0.698097 0.720906 0.753011 0.671777 0.800726 0.780789 0.720065 0.717752 0.740365 0.688538 0.873488 0.851335 0.949140 0.865805 0.969305 0.901014 0.957583 0.956551 0.917647 0.898657 0.778121 0.746591 0.743349 0.683688 0.724113 0.810167 0.672075 0.838317 0.742793 0.796323 0.646186 0.736594 0.684102 0.867840 0.976353 0.894442 0.919902 0.907554 0.927606 0.919409 0.879894 0.972614 0.925343 0.847447 0.647861 0.759176 0.642186 0.695643 0.771336 0.695268 0.804043 0.830012 0.645557
0.754154 0.789011 0.771171 0.813012 0.834307 0.728269 0.691250 0.759753 0.791561 0.865903 0.788547 0.803970 0.985755 0.966184 0.977745 0.960825 0.964744 0.955846 0.975138 0.979319 0.765367 1.000000 0.969980 0.855758 0.966590 0.981940 0.953317 0.822126 0.893970 0.920783 0.895905 0.878237 0.833956 0.841046 0.927497 0.921850 0.852360 0.914361 0.859534 0.768225 0.835985 0.792527 0.942046 0.959870 0.962045 0.974420 0.965621 0.967561 0.897747 0.975018 0.954604 0.778811 0.832973 0.924716 0.907044 0.907256 0.939028 0.794262 0.898182 0.873876 0.910690 0.823544 0.908672 0.976858 0.900521 0.890655 0.917566 0.966977 0.941117 0.783345 0.973052 0.917859 0.929038 0.944173 0.919116 0.932985 0.946344 0.938140 0.892009 0.948411 0.842659 0.928700 0.977587 0.972271 0.984300 0.945300 0.969266 0.981850 0.987918 0.985169 0.987100 0.786043 0.807860 0.838662 0.948816 0.920432 0.895598 0.961521 0.908826 0.926714 0.887735 0.815982 0.745800 0.811951 0.744179 0.803402 0.710792 0.787754 0.965483 0.827031 0.961929 0.902135 0.926296 0.838134 0.806026 0.877417 0.881714 0.924349 0.845438 0.871626 0.912120 0.947999 0.834195 0.960061 0.952138 0.937032 0.966525 0.971694 0.926099 0.975892 0.971326 0.957774 0.938921 0.935473 0.914358 0.727385 0.754664 0.742666 0.806162 0.718356 0.755835 0.770194 0.767945 0.808622 0.821283 0.973509 0.956593 0.957289 0.951770 0.965028 0.950409 0.954893 0.945998 0.968800 0.941380 0.953829 0.955523 0.959899 0.630578 0.750047 0.779662 0.799063 0.831591 0.830060 0.845520 0.868415 0.797576 0.737850 0.890727 0.928626 0.897276 0.918305 0.935966 0.937772 0.949660 0.865605 0.935666 0.867679
0.697258 0.715850 0.688433 0.736726 0.762837 0.627520 0.588777 0.682213 0.711795 0.774665 0.725937 0.744310 0.974967 0.895097 0.969841 0.970686 0.976263 0.940042 0.990377 0.973283 0.684519 0.969980 1.000000 0.783594 0.986226 0.926417 0.976294 0.759912 0.865811 0.880046 0.810130 0.801641 0.814703 0.829561 0.878772 0.869935 0.742844 0.848375 0.792346 0.722966 0.781214 0.783416 0.952287 0.964827 0.977444 0.956708 0.980216 0.981376 0.939181 0.958483 0.959299 0.737429 0.746980 0.848909 0.827317 0.854714 0.887344 0.794182 0.794408 0.759392 0.832680 0.749774 0.859685 0.963291 0.810452 0.808664 0.890489 0.929425 0.966110 0.718043 0.971937 0.887445 0.887574 0.895404 0.858881 0.920933 0.928889 0.908090 0.825532 0.941304 0.773188 0.939868 0.969027 0.930427 0.963319 0.957154 0.951330 0.950892 0.943680 0.981604 0.962457 0.735504 0.697351 0.744695 0.920423 0.890918 0.783650 0.899263 0.931498 0.916288 0.806470 0.827096 0.709077 0.754287 0.695211 0.768685 0.644340 0.703541 0.961685 0.737184 0.991602 0.853382 0.904253 0.784532 0.746874 0.796741 0.796803 0.894986 0.765118 0.848905 0.861151 0.916055 0.761930 0.972425 0.974779 0.946010 0.975347 0.953489 0.957247 0.941304 0.953355 0.958706 0.944737 0.875839 0.888713 0.674143 0.691487 0.698228 0.725554 0.660003 0.694918 0.683147 0.726312 0.767106 0.792001 0.971774 0.966751 0.976334 0.980824 0.974490 0.948642 0.971688 0.928429 0.968018 0.946049 0.974240 0.961947 0.985452 0.577188 0.687457 0.750509 0.754632 0.741471 0.771912 0.762200 0.838307 0.745992 0.676935 0.806233 0.923332 0.820635 0.904138 0.898356 0.899281 0.910376 0.803748 0.878201 0.850375
0.957697 0.888561 0.907574 0.933868 0.877093 0.928788 0.919370 0.942782 0.909221 0.968717 0.973740 0.953694 0.802749 0.881701 0.816548 0.816339 0.767095 0.826586 0.768969 0.782729 0.923670 0.855758 0.783594 1.000000 0.780860 0.891046 0.799453 0.979069 0.800684 0.731006 0.748547 0.857498 0.776253 0.654056 0.770598 0.773490 0.845375 0.801886 0.868190 0.930623 0.929521 0.727464 0.744572 0.791156 0.789330 0.824612 0.794978 0.776062 0.667039 0.862983 0.767741 0.942972 0.706369 0.801220 0.854424 0.781994 0.800505 0.621184 0.786016 0.893572 0.813695 0.937889 0.696448 0.789250 0.855383 0.795731 0.686206 0.787279 0.761813 0.959594 0.846001 0.756825 0.700975 0.817369 0.804992 0.752708 0.826804 0.803123 0.890400 0.774023 0.843777 0.786676 0.806385 0.889240 0.865533 0.779923 0.819066 0.853261 0.862656 0.804493 0.861798 0.941817 0.880119 0.926351 0.868924 0.671772 0.861824 0.830329 0.654819 0.735397 0.914930 0.634402 0.926911 0.965603 0.945780 0.943435 0.913487 0.961781 0.796466 0.976027 0.801199 0.763893 0.674316 0.947805 0.919090 0.862828 0.870634 0.739479 0.890439 0.734356 0.694492 0.736282 0.776773 0.822970 0.772095 0.783322 0.811364 0.845108 0.744253 0.871166 0.867533 0.793561 0.790593 0.814678 0.733898 0.842660 0.873465 0.913594 0.868205 0.929323 0.904933 0.931968 0.936180 0.874066 0.872297 0.847581 0.808556 0.804080 0.738913 0.763403 0.870082 0.733694 0.859311 0.790909 0.837773 0.744631 0.811058 0.752509 0.889278 0.935243 0.893768 0.953745 0.977892 0.962197 0.969211 0.953454 0.950741 0.909144 0.904752 0.762553 0.843044 0.671845 0.770136 0.860588 0.775501 0.903508 0.853218 0.745418
